78
5 0 1
7 0 1
9 0 1
10 0 1
10.25 0 2
10.5 0 1
10.75 0 0
11 0 0
11.25 0 2
11.5 0 1
14 0 1
16.5 0 0
16.83 0 1
17.16 0 2
19 0 1
19.25 0 2
20 0 0
20 0 2
21 0 1
22 0 1
23 0 1
24 0 0
24.5 0 0
25 0 0
25.5 0 2
25.75 0 1
26 0 1
26.5 0 1
27 0 0
27.5 0 0
27.75 0 2
28 0 1
29 0 1
30 0 1
30.5 0 1
30.75 0 2
31 0 1
31.25 0 0
31.5 0 0
31.75 0 1
32 0 0
32.5 0 0
33 0 0
33.5 0 2
33.75 0 1
34 0 1
34.5 0 1
35 0 0
35.5 0 0
35.75 0 2
36 0 1
37 0 0
37.25 0 1
37.75 0 2
40 0 2
40.5 0 2
40.75 0 1
41 0 0
41.25 0 1
41.5 0 1
42 0 2
42.5 0 2
42.75 0 1
43 0 0
43.25 0 1
43.5 0 1
43.75 0 2
44 0 1
44.5 0 2
45 0 0
46 0 1
46.83 0 2
48 0 2
48.5 0 2
48.75 0 1
49 0 0
49.25 0 1
49.5 0 1
50 0 2
50.5 0 2
50.75 0 1
51 0 0
51.25 0 1
51.5 0 1
51.75 0 2
52 0 1
52.5 0 2
53 0 0
54 0 1
54.83 0 2
56 0 2
56.5 0 2
56.75 0 1
57 0 0
57.25 0 1
57.5 0 1
58 0 2
58.5 0 2
58.75 0 1
59 0 0
59.25 0 1
59.5 0 1
59.75 0 2
60 0 1
60.5 0 2
61 0 0
62 0 1
62.83 0 2
64 0 2
64.5 0 2
64.75 0 1
65 0 0
65.25 0 1
65.5 0 1
66 0 2
66.5 0 2
66.75 0 1
67 0 0
67.25 0 1
67.5 0 1
67.75 0 2
68 0 1
68.5 0 2
69 0 0
70 0 1
70.83 0 2
72 0 2
72.5 0 2
72.75 0 1
73 0 0
73.25 0 1
73.5 0 1
74 0 2
74.5 0 2
74.75 0 1
75 0 0
75.25 0 1
75.5 0 1
75.75 0 2
76 0 1
76.5 0 2
77 0 0
78 0 1
78.83 0 2
80 0 1
81 0 1
82 0 1
83 0 1
84 0 1
85 0 1
86 0 1
87 0 0
87 0 2